function [y]=detection(a)
P=[13.7498    3.5866    2.8748    3.7827  255.7943    0.0104;
   42.7780    3.1439    0.9594    3.4213   85.4161    0.0355;
   54.2893    3.5738    1.2170    3.7231  108.3135    0.0316;
   68.6665    3.2916    1.5706    3.4866  139.7991    0.0448;
   54.0047    3.3802    1.4403    3.5146  128.2000    0.0376;
   52.8500    3.3112    1.7821    3.5604  158.6158    0.0338;
   13.7498    3.5866    2.8748    3.7827  255.7943    0.0104;
   70.1794    3.0441    0.8382    3.2401   74.6356    0.0573;
   35.3511    3.6109    2.0937    3.6751  186.3302    0.0227;
   31.6474    3.4987    1.0570    3.6107  293.8270    0.0433;
   70.1794    3.0441    0.8382    3.2401   74.6356    0.0573;
   70.1794    3.0441    0.8382    3.2401   74.6356    0.0573;
   35.3511    3.6109    2.0937    3.6751  186.3302    0.0227;
   31.6474    3.4987    1.0570    3.6107  293.8270    0.0433;
   29.1995    3.4275    1.2647    3.3917  112.5484    0.0274;
    1.7966    3.6245    1.6125    3.6297  143.4895    0.0087;
   57.1076    3.6119    1.5608    3.6234  138.9289    0.0339;
   57.6497    3.2926    0.9092    3.3843   80.9423    0.0446;
   81.5187    1.9774    0.4391    2.9427   39.1263    0.0708;
   42.7780    3.1439    0.9594    3.4213   85.4161    0.0355;
   54.2893    3.5738    1.2170    3.7231  108.3135    0.0316;
   68.6665    3.2916    1.5706    3.4866  139.7991    0.0448;
   35.3511    3.6109    2.0937    3.6751  186.3302    0.0227;
   54.0047    3.3802    1.4403    3.5146  128.2000    0.0376;
   52.8500    3.3112    1.7821    3.5604  158.6158    0.0338;
   13.7498    3.5866    2.8748    3.7827  255.7943    0.0104;
   70.1794    3.0441    0.8382    3.2401   74.6356    0.0573;
   35.3511    3.6109    2.0937    3.6751  186.3302    0.0227;
   31.6474    3.4987    1.0570    3.6107  293.8270    0.0433;
   29.1995    3.4275    1.2647    3.3917  112.5484    0.0274;
    1.7966    3.6245    1.6125    3.6297  143.4895    0.0087;
   57.1076    3.6119    1.5608    3.6234  138.9289    0.0339;
   57.6497    3.2926    0.9092    3.3843   80.9423    0.0446;
   31.6474    3.4987    1.0570    3.6107  293.8270    0.0433;
   81.5187    1.9774    0.4391    2.9427   39.1263    0.0708;
   42.7780    3.1439    0.9594    3.4213   85.4161    0.0355;
   54.2893    3.5738    1.2170    3.7231  108.3135    0.0316;
   68.6665    3.2916    1.5706    3.4866  139.7991    0.0448;
   54.0047    3.3802    1.4403    3.5146  128.2000    0.0376;
   52.8500    3.3112    1.7821    3.5604  158.6158    0.0338;
   13.7498    3.5866    2.8748    3.7827  255.7943    0.0104;
   70.1794    3.0441    0.8382    3.2401   74.6356    0.0573;
   35.3511    3.6109    2.0937    3.6751  186.3302    0.0227;
   31.6474    3.4987    1.0570    3.6107  293.8270    0.0433;
   29.1995    3.4275    1.2647    3.3917  112.5484    0.0274;
   29.1995    3.4275    1.2647    3.3917  112.5484    0.0274;
    1.7966    3.6245    1.6125    3.6297  143.4895    0.0087;
   57.1076    3.6119    1.5608    3.6234  138.9289    0.0339;
   57.6497    3.2926    0.9092    3.3843   80.9423    0.0446;
   81.5187    1.9774    0.4391    2.9427   39.1263    0.0708;
   42.7780    3.1439    0.9594    3.4213   85.4161    0.0355;
   54.2893    3.5738    1.2170    3.7231  108.3135    0.0316;
   68.6665    3.2916    1.5706    3.4866  139.7991    0.0448;
   54.0047    3.3802    1.4403    3.5146  128.2000    0.0376;
   52.8500    3.3112    1.7821    3.5604  158.6158    0.0338;
    1.7966    3.6245    1.6125    3.6297  143.4895    0.0087;
   13.7498    3.5866    2.8748    3.7827  255.7943    0.0104;
   70.1794    3.0441    0.8382    3.2401   74.6356    0.0573;
   35.3511    3.6109    2.0937    3.6751  186.3302    0.0227;
   31.6474    3.4987    1.0570    3.6107  293.8270    0.0433;
   29.1995    3.4275    1.2647    3.3917  112.5484    0.0274;
    1.7966    3.6245    1.6125    3.6297  143.4895    0.0087;
   57.1076    3.6119    1.5608    3.6234  138.9289    0.0339;
   57.6497    3.2926    0.9092    3.3843   80.9423    0.0446;
   81.5187    1.9774    0.4391    2.9427   39.1263    0.0708;
   42.7780    3.1439    0.9594    3.4213   85.4161    0.0355;
   57.1076    3.6119    1.5608    3.6234  138.9289    0.0339;
   54.2893    3.5738    1.2170    3.7231  108.3135    0.0316;
   68.6665    3.2916    1.5706    3.4866  139.7991    0.0448;
   54.0047    3.3802    1.4403    3.5146  128.2000    0.0376;
   52.8500    3.3112    1.7821    3.5604  158.6158    0.0338;
   13.7498    3.5866    2.8748    3.7827  255.7943    0.0104;
   70.1794    3.0441    0.8382    3.2401   74.6356    0.0573;
   35.3511    3.6109    2.0937    3.6751  186.3302    0.0227;
   31.6474    3.4987    1.0570    3.6107  293.8270    0.0433;
   29.1995    3.4275    1.2647    3.3917  112.5484    0.0274;
    1.7966    3.6245    1.6125    3.6297  143.4895    0.0087;
   57.6497    3.2926    0.9092    3.3843   80.9423    0.0446;
   57.1076    3.6119    1.5608    3.6234  138.9289    0.0339;
   81.5187    1.9774    0.4391    2.9427   39.1263    0.0708;
   6.4354    3.6147    2.1827    3.6903  194.2258    0.0110;
    3.7093    3.3053    2.6219    3.7197  233.3028    0.0080;
    7.2436    3.3462    1.8184    3.5661  161.8360    0.0138;
   12.8760    3.3210    1.9547    3.6225  173.9571    0.0168;
    7.8860    3.4710    1.7921    3.5489  159.4941    0.0146;
    9.7292    3.6096    1.2965    3.4530  115.3959    0.0182;
   10.3774    3.5405    1.9146    3.6110  170.3804    0.0159;
    7.0973    3.3699    1.7040    3.5085  151.6626    0.0151;
    6.3307    3.2317    1.7807    3.5194  158.4884    0.0135;
   11.2924    3.4777    1.5803    3.4983  140.6506    0.0183;
    3.1690    3.4849    2.4977    3.7088  222.2609    0.0080;
    9.6108    3.7337    1.2890    3.5674  114.6960    0.0156;
   15.9027    3.2458    1.5602    3.5006  138.8724    0.0206;
    9.5866    3.6177    1.1328    3.4439  100.8343    0.0177;
    6.5639    3.4937    1.3441    3.4363  119.6397    0.0154;
    6.4354    3.6147    2.1827    3.6903  194.2258    0.0110;
    3.7093    3.3053    2.6219    3.7197  233.3028    0.0080;
    7.2436    3.3462    1.8184    3.5661  161.8360    0.0138;
   12.8760    3.3210    1.9547    3.6225  173.9571    0.0168;
    7.8860    3.4710    1.7921    3.5489  159.4941    0.0146;
    9.7292    3.6096    1.2965    3.4530  115.3959    0.0182;
   10.3774    3.5405    1.9146    3.6110  170.3804    0.0159;
    7.0973    3.3699    1.7040    3.5085  151.6626    0.0151;
    6.3307    3.2317    1.7807    3.5194  158.4884    0.0135;
   11.2924    3.4777    1.5803    3.4983  140.6506    0.0183;
    3.1690    3.4849    2.4977    3.7088  222.2609    0.0080;
    9.6108    3.7337    1.2890    3.5674  114.6960    0.0156;
   15.9027    3.2458    1.5602    3.5006  138.8724    0.0206;
    9.5866    3.6177    1.1328    3.4439  100.8343    0.0177;
    6.5639    3.4937    1.3441    3.4363  119.6397    0.0154;
    6.4354    3.6147    2.1827    3.6903  194.2258    0.0110;
    3.7093    3.3053    2.6219    3.7197  233.3028    0.0080;
    7.2436    3.3462    1.8184    3.5661  161.8360    0.0138;
   12.8760    3.3210    1.9547    3.6225  173.9571    0.0168;
    7.8860    3.4710    1.7921    3.5489  159.4941    0.0146;
    9.7292    3.6096    1.2965    3.4530  115.3959    0.0182;
   10.3774    3.5405    1.9146    3.6110  170.3804    0.0159;
    7.0973    3.3699    1.7040    3.5085  151.6626    0.0151;
    6.3307    3.2317    1.7807    3.5194  158.4884    0.0135;
   11.2924    3.4777    1.5803    3.4983  140.6506    0.0183;
    3.1690    3.4849    2.4977    3.7088  222.2609    0.0080;
    9.6108    3.7337    1.2890    3.5674  114.6960    0.0156;
   15.9027    3.2458    1.5602    3.5006  138.8724    0.0206;
    9.5866    3.6177    1.1328    3.4439  100.8343    0.0177;
    6.5639    3.4937    1.3441    3.4363  119.6397    0.0154;
    6.4354    3.6147    2.1827    3.6903  194.2258    0.0110;
